coef1 =

    0.1418
    2.9405
    2.4279
    2.9147


coef2 =

    0.0082
   -0.0129
   -3.8804
 -150.0675