coef1 =

   -0.0002
   -0.0037
    0.0530
    0.8404
    1.3878
   57.5066


coef2 =

    0.0002
   -0.0122
   -0.0782
    2.3771
   -0.9036
 -158.1983